$ANSIBLE_VAULT;1.1;AES256
32393531343762323737663062336363313565366335306363353632326337663266333630326663
3737386563313063393264646364326461386661373431310a333063316231396366653831643733
39306465393165626162636562333964613363386431646238363732623732663037326265316663
6335353539383637610a306632343562656537323965353131383932383662623263353164386162
33333638316339636238356661616463373130633365623132653333366435333261353064643565
63653638326537303134356636393066323337333730396461613437306538613639643962336563
30626465353839316336363162383362393833323433353364383561666232313238343839366338
30383363653861656462313466303461336161613630643239343465366330373236663632623236
33393233333737643931623339373766313933386465666335353638313830326562386133376631
38386533666138646134383236303339346337616137326662336364383539636331316663346364
38613563663034386466313932313462326461616436363132643537316635333830623364393763
61323932653033636337623763373439663731643439333334306366646230643539633531343132
65313336613031633864343036663538656534653937373264373833663764666139633066303265
32366139336537316233346265653737323039653365333138373234303138393135633062303761
39666631363832336665376563346332306433376364356263616132633965303236656163393131
64643738636235613163316430303838306335353732323739306533303737336663393933646164
31333833343832663265656261616434653164303036383531633130663033356434373533396365
65623735663061643237626464633736376635376230633136626234663562383765656630353865
30666135636537643930386166396537613564356166383764306237653362313432656630353738
36616638643133653962333761383061336136383831653839323262373862363939356437646365
37613533636639353433616132633435326563306261346266653436616666663031306632663139
62323335363131376130386230383333656662633339656236633562393562643433393161306234
39376131313362653632663964343961633339666434333266383362303866323766383962643531
37643834306461326463646432366365346439323831363365653463646135316139306461343163
63386633346434623365643339663033323461663136396264613332633235366635
